filters/vista-J.ecsv
# %ECSV 0.9
# ---
# datatype:
# - {name: wavelength, unit: Angstrom, datatype: float64}
# - {name: response, datatype: float64}
# meta:
#   __serialized_columns__:
#     wavelength:
#       __class__: astropy.units.quantity.Quantity
#       unit: !astropy.units.Unit {unit: Angstrom}
#       value: !astropy.table.SerializedColumn {name: wavelength}
#   band_name: J
#   group_name: vista
# schema: astropy-2.0
wavelength response
11130.0 0.0
11230.0 0.0004061648877204
11240.0 0.00084238193300199
11250.0 0.00097824964115805
11260.0 0.0010016559896628
11270.0 0.001223109870048
11280.0 0.0012052395182112
11290.0 0.0013161508404844
11300.0 0.001392913043568
11310.0 0.0021324523581059
11320.0 0.0026168115236442
11330.0 0.0025111689708006
11340.0 0.002136569774156
11350.0 0.0019449136068024
11360.0 0.0028168637026744
11370.0 0.0038296423913506
11380.0 0.00428664956823
11390.0 0.005210314938304
11400.0 0.00593120212118
11410.0 0.00575078058715
11420.0 0.006009050033696
11430.0 0.0079304004066529
11440.0 0.0086013498323412
11450.0 0.009422681368434
11460.0 0.010520411285605
11470.0 0.011501503347662
11480.0 0.014795207022658
11490.0 0.017104602271488
11500.0 0.018944898714904
11510.0 0.024393558777123
11520.0 0.027684523344291
11530.0 0.033016483726532
11540.0 0.039539105996238
11550.0 0.048602381204604
11560.0 0.056121965054885
11570.0 0.071104707502472
11580.0 0.082500520876692
11590.0 0.10271825375612
11600.0 0.12351892204642
11610.0 0.15528856770992
11620.0 0.1862407675609
11630.0 0.23147750792923
11640.0 0.27442326924883
11650.0 0.32710956852671
11660.0 0.37928758512298
11670.0 0.43958257584549
11680.0 0.49857039101088
11690.0 0.54767852535153
11700.0 0.59655388090315
11710.0 0.62471430417105
11720.0 0.6547607508094
11730.0 0.6638379619418
11740.0 0.66367057326099
11750.0 0.67439696415529
11760.0 0.67770226403251
11770.0 0.66953689776735
11780.0 0.6544546976525
11790.0 0.65859655972105
11800.0 0.65133528842501
11810.0 0.64770748773517
11820.0 0.62378012234832
11830.0 0.64278137983804
11840.0 0.63686213954744
11850.0 0.63314557061893
11860.0 0.64269180217848
11870.0 0.6413580185688
11880.0 0.63166948684397
11890.0 0.64632701621532
11900.0 0.65447766027746
11910.0 0.65830760813461
11920.0 0.66495557485069
11930.0 0.6694775839687
11940.0 0.67534798876403
11950.0 0.68153996070572
11960.0 0.68738511923942
11970.0 0.6938649235456
11980.0 0.6974253358
11990.0 0.6970409008371
12000.0 0.70956183123
12010.0 0.71323267350925
12020.0 0.716818840125
12030.0 0.7207238378396
12040.0 0.7081306661844
12050.0 0.72335386338345
12060.0 0.734485688205
12070.0 0.73280790473
12080.0 0.7354920350479
12090.0 0.7377223599205
12100.0 0.7423943166896
12110.0 0.7436881651536
12120.0 0.7441100783635
12130.0 0.749224619286
12140.0 0.748490533584
12150.0 0.748303060131
12160.0 0.7520805025105
12170.0 0.75219737226085
12180.0 0.7523867582842
12190.0 0.7501061094984
12200.0 0.7537844098848
12210.0 0.7563405938702
12220.0 0.7545886054686
12230.0 0.756476698936
12240.0 0.7583331036318
12250.0 0.76088040928585
12260.0 0.7623386677656
12270.0 0.76215518675775
12280.0 0.7658000378496
12290.0 0.76814065498225
12300.0 0.7704918446478
12310.0 0.772654870533
12320.0 0.7740864888498
12330.0 0.77541166452645
12340.0 0.778089821771
12350.0 0.77947037130645
12360.0 0.7808303378736
12370.0 0.7825086642172
12380.0 0.7845508794936
12390.0 0.7855237547352
12400.0 0.7864543215912
12410.0 0.7869250569444
12420.0 0.7876360139424
12430.0 0.787539333009
12440.0 0.7873758118004
12450.0 0.78699604037005
12460.0 0.7866245560135
12470.0 0.7850096085204
12480.0 0.783160471328
12490.0 0.78174912391835
12500.0 0.7799680966896
12510.0 0.77604085924715
12520.0 0.773737163856
12530.0 0.7686860592437
12540.0 0.7626653601305
12550.0 0.7603401732325
12560.0 0.7518651092628
12570.0 0.74742719494055
12580.0 0.7429032954176
12590.0 0.73176255568975
12600.0 0.7305026154048
12610.0 0.7146565568594
12620.0 0.70787350953
12630.0 0.6960520147536
12640.0 0.6832935113778
12650.0 0.68230087500465
12660.0 0.671105865066
12670.0 0.68169257997115
12680.0 0.651435149046
12690.0 0.56904034578635
12700.0 0.6658381450768
12710.0 0.682281385464
12720.0 0.6798197796923
12730.0 0.6790732426045
12740.0 0.6793469533506
12750.0 0.68113957801675
12760.0 0.6820695899745
12770.0 0.6837632077311
12780.0 0.6836493266064
12790.0 0.6862891902937
12800.0 0.6868392594448
12810.0 0.691732540308
12820.0 0.6960090315576
12830.0 0.7003230359648
12840.0 0.70452964038
12850.0 0.70587712513225
12860.0 0.7081831841716
12870.0 0.7077366915435
12880.0 0.7083691715295
12890.0 0.7114217951133
12900.0 0.7168576794084
12910.0 0.72392113088715
12920.0 0.7303476118774
12930.0 0.7356481515801
12940.0 0.739542931066
12950.0 0.7388784207819
12960.0 0.737829305136
12970.0 0.742394969712
12980.0 0.7493276153472
12990.0 0.75783428141595
13000.0 0.7626253062772
13010.0 0.76374859866495
13020.0 0.7686757217664
13030.0 0.7643824960102
13040.0 0.7590529446714
13050.0 0.775837693103
13060.0 0.7829311564592
13070.0 0.780327525516
13080.0 0.7838341027188
13090.0 0.7860721659021
13100.0 0.7697478947606
13110.0 0.784507093542
13120.0 0.7899810864192
13130.0 0.7856954334148
13140.0 0.7825184214568
13150.0 0.7880521035952
13160.0 0.7878410902608
13170.0 0.7761509110629
13180.0 0.7793082732946
13190.0 0.774194961154
13200.0 0.7645904899104
13210.0 0.771515928722
13220.0 0.7662778573419
13230.0 0.7415859314265
13240.0 0.7338658818764
13250.0 0.7377419265582
13260.0 0.7290345475611
13270.0 0.7063670026663
13280.0 0.6799994207924
13290.0 0.640529396406
13300.0 0.6355656323532
13310.0 0.5951601804404
13320.0 0.5630012231592
13330.0 0.5536400624065
13340.0 0.5171075979798
13350.0 0.49954714035
13360.0 0.4477044006501
13370.0 0.4294282877028
13380.0 0.3977567827693
13390.0 0.3730585797848
13400.0 0.3293484641895
13410.0 0.3059918520506
13420.0 0.2857393099494
13430.0 0.25907398766405
13440.0 0.2081957243205
13450.0 0.1957538578191
13460.0 0.17128631988
13470.0 0.1521374627226
13480.0 0.1024536898752
13490.0 0.1073236823687
13500.0 0.0893677706896
13510.0 0.0783580278052
13520.0 0.0651372687072
13530.0 0.04864839544089
13540.0 0.0416818920353
13550.0 0.02442703082664
13560.0 0.02897104465191
13570.0 0.02588645709508
13580.0 0.01993254794788
13590.0 0.01763198648986
13600.0 0.0141036034409
13610.0 0.00721604419476
13620.0 0.002877692222054
13630.0 0.01086764741221
13640.0 0.00990479703834
13650.0 0.00371898359742
13660.0 0.00960147191626
13670.0 0.00757395417759
13680.0 0.00307159204288
13690.0 0.00530545954378
13700.0 0.00480912756565
13710.0 0.00321530408613
13720.0 0.0042979146273
13730.0 0.0053812672275
13740.0 0.00539664821969
13750.0 0.00460164521118
13760.0 0.00447656577831
13770.0 0.00375850210302
13780.0 0.00489926128855
13790.0 0.00268605321622
13800.0 0.00245651773728
13810.0 0.00100594381282
13820.0 0.0011749370248
13830.0 0.00055109120558
13840.0 0.00120955622142
13850.0 0.00127481029192
13860.0 0.00199987502016
13870.0 0.0021532364112
13880.0 0.00063467514284
13890.0 0.00131456996388
13900.0 0.00118751931456
13910.0 0.00127060490403
13920.0 0.00074355595818
13930.0 0.0008322827078
13940.0 0.00096856261258
13950.0 0.000340886598
13960.0 0.0002335654272
13970.0 0.00044776252524
13980.0 0.0006593640015
13990.0 0.0006565306704
14000.0 0.00031986655596
14010.0 0.00026761811901
14020.0 0.00073114944696
14030.0 0.00089635800132
14040.0 0.00066953239717
14050.0 0.00029323567314
14060.0 0.000500089644
14070.0 0.000165363495
14170.0 0.0
