filters/vista-Ks.ecsv
# %ECSV 0.9
# ---
# datatype:
# - {name: wavelength, unit: Angstrom, datatype: float64}
# - {name: response, datatype: float64}
# meta:
#   __serialized_columns__:
#     wavelength:
#       __class__: astropy.units.quantity.Quantity
#       unit: !astropy.units.Unit {unit: Angstrom}
#       value: !astropy.table.SerializedColumn {name: wavelength}
#   band_name: Ks
#   group_name: vista
# schema: astropy-2.0
wavelength response
18980.0 0.0
19080.0 0.00054643754619
19090.0 0.0008582685038
19100.0 0.00103327395932
19110.0 0.00072931769196
19120.0 0.000747258876
19130.0 0.00037450096945
19140.0 0.0002041189088
19150.0 0.00110107064082
19160.0 0.0012557434629
19170.0 0.00142634923846
19180.0 0.00274936354776
19190.0 0.00233896838556
19200.0 0.00048171512675
19210.0 0.0007768447666
19220.0 0.00318147038451
19230.0 0.0028828732959
19240.0 0.00180183231594
19250.0 0.00419252999855
19260.0 0.0042724904135
19270.0 0.00227476851561
19280.0 0.0039749388866
19290.0 0.00464098979344
19300.0 0.0056547163551
19310.0 0.00374165365728
19320.0 0.0055299277696
19330.0 0.00651253411485
19340.0 0.00570306624342
19350.0 0.00820559890488
19360.0 0.00780782615869
19370.0 0.0080057030516
19380.0 0.00813279058422
19390.0 0.00884193229208
19400.0 0.0101359578612
19410.0 0.01110672847956
19420.0 0.01200738648064
19430.0 0.01328225797276
19440.0 0.01281927367072
19450.0 0.01266621539062
19460.0 0.01720606296377
19470.0 0.01735187732376
19480.0 0.0171719792457
19490.0 0.01870101956004
19500.0 0.02120446356784
19510.0 0.02227319312388
19520.0 0.02275465369553
19530.0 0.02067227434935
19540.0 0.02098558214148
19550.0 0.02096336694231
19560.0 0.02117414101539
19570.0 0.02335568210712
19580.0 0.0256127849982
19590.0 0.027669657522
19600.0 0.03757559742
19610.0 0.04340950428958
19620.0 0.04669765785264
19630.0 0.0434198480802
19640.0 0.04684669181024
19650.0 0.05095689692105
19660.0 0.0562120104741
19670.0 0.06421771690992
19680.0 0.06812764038906
19690.0 0.0769528372886
19700.0 0.0842986099356
19710.0 0.0915505528256
19720.0 0.0972652774086
19730.0 0.11379828424
19740.0 0.119935040351
19750.0 0.1350255646005
19760.0 0.1480871934529
19770.0 0.1646351520651
19780.0 0.1778682854448
19790.0 0.1900030416439
19800.0 0.1739667133344
19810.0 0.2131402356231
19820.0 0.2368787531504
19830.0 0.2478552542158
19840.0 0.272634511014
19850.0 0.2779188201088
19860.0 0.3034530610608
19870.0 0.2959897258648
19880.0 0.3405296173422
19890.0 0.370027785285
19900.0 0.359942803335
19910.0 0.4017448799931
19920.0 0.4305413796658
19930.0 0.4528663048242
19940.0 0.4669098639933
19950.0 0.4834737611195
19960.0 0.4960101937024
19970.0 0.4828797274466
19980.0 0.4412264715553
19990.0 0.423203592928
20000.0 0.38036121568
20010.0 0.3459945301614
20020.0 0.3165665609232
20030.0 0.2865914710928
20040.0 0.29903235268
20050.0 0.2916173311704
20060.0 0.3114403332476
20070.0 0.3795323180315
20080.0 0.436216253396
20090.0 0.5461915463024
20100.0 0.451183628385
20110.0 0.4091352845513
20120.0 0.4096894328774
20130.0 0.4101039493551
20140.0 0.43083186145
20150.0 0.4456096836159
20160.0 0.46027188924
20170.0 0.483246242353
20180.0 0.4971850101974
20190.0 0.5362334438175
20200.0 0.5795334485648
20210.0 0.5948975066056
20220.0 0.6376375782108
20230.0 0.662965795347
20240.0 0.6816262509552
20250.0 0.7176957733745
20260.0 0.7261869552399
20270.0 0.7511075063856
20280.0 0.7552386676121
20290.0 0.756612151533
20300.0 0.7835546679664
20310.0 0.7751785502956
20320.0 0.7772202903546
20330.0 0.7823634348383
20340.0 0.771838997709
20350.0 0.7838053479576
20360.0 0.780662443937
20370.0 0.7715140966429
20380.0 0.7859164990668
20390.0 0.771758906835
20400.0 0.7649392582347
20410.0 0.771048819288
20420.0 0.759290300748
20430.0 0.7741291979295
20440.0 0.7695235948085
20450.0 0.7701771923898
20460.0 0.7855440822432
20470.0 0.7550979055248
20480.0 0.733387048235
20490.0 0.707985425647
20500.0 0.6675257188904
20510.0 0.6548776533884
20520.0 0.6251990360616
20530.0 0.6078090035974
20540.0 0.5978354787048
20550.0 0.5871338089925
20560.0 0.5934744646362
20570.0 0.6071648301648
20580.0 0.6279508493982
20590.0 0.678906706176
20600.0 0.7491084207305
20610.0 0.7189634440583
20620.0 0.6801801617987
20630.0 0.6500783750805
20640.0 0.643233768531
20650.0 0.6516346667724
20660.0 0.646365190523
20670.0 0.663819064471
20680.0 0.6809948065202
20690.0 0.685865665176
20700.0 0.7091569818531
20710.0 0.7213499258064
20720.0 0.7315402498131
20730.0 0.75561001447
20740.0 0.7581438431976
20750.0 0.769454197798
20760.0 0.790430505426
20770.0 0.7911913161842
20780.0 0.8059553471992
20790.0 0.8246622673776
20800.0 0.8209273263776
20810.0 0.8310601005772
20820.0 0.8212115743215
20830.0 0.8147412365352
20840.0 0.8237709230855
20850.0 0.8126161376632
20860.0 0.8222596566212
20870.0 0.8333792542399
20880.0 0.8246580005412
20890.0 0.8328858644035
20900.0 0.835609580454
20910.0 0.8311348974754
20920.0 0.8438784641862
20930.0 0.8424366134448
20940.0 0.833109608232
20950.0 0.852660520218
20960.0 0.8492275833678
20970.0 0.8456733598904
20980.0 0.8536952422623
20990.0 0.839377256328
21000.0 0.8463630771663
21010.0 0.8531552063115
21020.0 0.840630646807
21030.0 0.8542839860186
21040.0 0.8583976545852
21050.0 0.8477318512348
21060.0 0.855340020447
21070.0 0.8545943585484
21080.0 0.8467873108992
21090.0 0.8593022395288
21100.0 0.8538699329226
21110.0 0.8467272007359
21120.0 0.8535942670801
21130.0 0.8514017428334
21140.0 0.8525529879579
21150.0 0.860513206668
21160.0 0.8507030233685
21170.0 0.8543753024105
21180.0 0.8569756228356
21190.0 0.842629725279
21200.0 0.8522936608896
21210.0 0.8594160216021
21220.0 0.852098494974
21230.0 0.859959779885
21240.0 0.8560540664919
21250.0 0.8493958872828
21260.0 0.862738382247
21270.0 0.8579190190714
21280.0 0.8474561189766
21290.0 0.8646642581369
21300.0 0.857363204157
21310.0 0.8544955230882
21320.0 0.86449558998
21330.0 0.8578923058305
21340.0 0.856839085544
21350.0 0.8672469169652
21360.0 0.85650613551
21370.0 0.8567714440357
21380.0 0.8649237226347
21390.0 0.8578102500803
21400.0 0.8593314137815
21410.0 0.8641713329112
21420.0 0.8538834484785
21430.0 0.8551156203
21440.0 0.8634962228237
21450.0 0.8538113638924
21460.0 0.8557543532146
21470.0 0.8646665750706
21480.0 0.8540813385069
21490.0 0.855760208279
21500.0 0.8597692226866
21510.0 0.8457221149244
21520.0 0.8486046589429
21530.0 0.8552558414844
21540.0 0.8490456976518
21550.0 0.85350393216
21560.0 0.85672395237
21570.0 0.8499856181184
21580.0 0.85949192692
21590.0 0.857300355585
21600.0 0.8490918303
21610.0 0.8500740931485
21620.0 0.8541761900074
21630.0 0.841982638613
21640.0 0.8528431418767
21650.0 0.858920279897
21660.0 0.8480691290612
21670.0 0.8503886782622
21680.0 0.854855273219
21690.0 0.8456497494399
21700.0 0.8589366208176
21710.0 0.859816443267
21720.0 0.8499730396275
21730.0 0.8506865291274
21740.0 0.8567343519405
21750.0 0.849126006944
21760.0 0.8582903449406
21770.0 0.8609955415044
21780.0 0.8469090695324
21790.0 0.8512911179694
21800.0 0.8618578515495
21810.0 0.8553897603228
21820.0 0.8618708712242
21830.0 0.8539130958426
21840.0 0.8443545784836
21850.0 0.8482436986875
21860.0 0.8636674010971
21870.0 0.855688813402
21880.0 0.860704573701
21890.0 0.8685530064909
21900.0 0.8545539844644
21910.0 0.8620096278511
21920.0 0.8676469261278
21930.0 0.860065641084
21940.0 0.863696324293
21950.0 0.8583664072141
21960.0 0.8609696247801
21970.0 0.8640597831784
21980.0 0.858734590289
21990.0 0.8440720192958
22000.0 0.8094252152754
22010.0 0.8457768443289
22020.0 0.8452239488966
22030.0 0.8528822260542
22040.0 0.8624412510848
22050.0 0.8447500136467
22060.0 0.861267483666
22070.0 0.8688591663952
22080.0 0.8662708583022
22090.0 0.8657461483987
22100.0 0.8704941441237
22110.0 0.8613320061908
22120.0 0.8625836846638
22130.0 0.873723418536
22140.0 0.8662485613936
22150.0 0.8607739657184
22160.0 0.855362275648
22170.0 0.8585728293846
22180.0 0.859969058195
22190.0 0.8635939720291
22200.0 0.8668662174648
22210.0 0.8491712730072
22220.0 0.8483555429301
22230.0 0.864982274855
22240.0 0.8592062021424
22250.0 0.8568709944188
22260.0 0.857995738784
22270.0 0.8417984840512
22280.0 0.8515740327354
22290.0 0.8613319556934
22300.0 0.8588713745598
22310.0 0.847162411136
22320.0 0.8373967373184
22330.0 0.8447149554046
22340.0 0.8437911630948
22350.0 0.8515632749228
22360.0 0.8457238836288
22370.0 0.840063166824
22380.0 0.8407371688359
22390.0 0.8521850410128
22400.0 0.8385393829034
22410.0 0.83652942707
22420.0 0.8463505396731
22430.0 0.8429737498336
22440.0 0.8294205435131
22450.0 0.8483153854302
22460.0 0.8327455248035
22470.0 0.8184957858426
22480.0 0.845150671418
22490.0 0.8437935066792
22500.0 0.8340658233504
22510.0 0.8394454159599
22520.0 0.8443814184884
22530.0 0.8358022375677
22540.0 0.821610353596
22550.0 0.839911146085
22560.0 0.8263555392315
22570.0 0.8173158273972
22580.0 0.8399747114372
22590.0 0.8431510582152
22600.0 0.8359035121855
22610.0 0.8169027043155
22620.0 0.8069084706672
22630.0 0.8401745785496
22640.0 0.8317278829809
22650.0 0.828111114684
22660.0 0.8532108731668
22670.0 0.85094511026
22680.0 0.8231521464774
22690.0 0.814244249571
22700.0 0.83685950585
22710.0 0.842866768023
22720.0 0.829140296889
22730.0 0.834172522092
22740.0 0.84484780352
22750.0 0.8085970770774
22760.0 0.7760485947753
22770.0 0.8077183926542
22780.0 0.8247128053853
22790.0 0.8253424186288
22800.0 0.8116982890656
22810.0 0.7773586067835
22820.0 0.7900442125421
22830.0 0.729075754524
22840.0 0.7399413440959
22850.0 0.7432095068343
22860.0 0.7412365649556
22870.0 0.7296248699935
22880.0 0.7123830083524
22890.0 0.6838743978819
22900.0 0.6299414407728
22910.0 0.6520879191792
22920.0 0.6249087716399
22930.0 0.6067983356624
22940.0 0.58016850696
22950.0 0.546676482616
22960.0 0.5227417035774
22970.0 0.5234586793623
22980.0 0.4852832632102
22990.0 0.453753069292
23000.0 0.4325247404844
23010.0 0.4175460639908
23020.0 0.4043839892859
23030.0 0.3799379687446
23040.0 0.348441379644
23050.0 0.3340069201238
23060.0 0.3202109405565
23070.0 0.2991959693714
23080.0 0.2826203675713
23090.0 0.2708985726174
23100.0 0.2561616761795
23110.0 0.24351305993
23120.0 0.224299119456
23130.0 0.2127947807608
23140.0 0.1991735996796
23150.0 0.1849882545903
23160.0 0.162770613031
23170.0 0.1321987316019
23180.0 0.1312784187
23190.0 0.1325769732305
23200.0 0.126706627854
23210.0 0.1201625385891
23220.0 0.1120799195768
23230.0 0.1058683299732
23240.0 0.1007281978248
23250.0 0.093721529976
23260.0 0.08788200739804
23270.0 0.08442114464
23280.0 0.07812380771604
23290.0 0.07166536266525
23300.0 0.0696153842588
23310.0 0.0638349080154
23320.0 0.0581783957059
23330.0 0.056372074397
23340.0 0.0522656685912
23350.0 0.04804375133844
23360.0 0.04513489435576
23370.0 0.04349470550331
23380.0 0.0393563104408
23390.0 0.03647838028968
23400.0 0.03261143364192
23410.0 0.0320578873092
23420.0 0.03133144299363
23430.0 0.03008510894592
23440.0 0.02888964628032
23450.0 0.026947412058
23460.0 0.02567024255605
23470.0 0.0241272005055
23480.0 0.022629276621
23490.0 0.0222713849098
23500.0 0.02056093351494
23510.0 0.0187162837904
23520.0 0.01779164612058
23530.0 0.01673090637382
23540.0 0.01656102093688
23550.0 0.01586415115152
23560.0 0.01334496197618
23570.0 0.01360351414514
23580.0 0.01272971665555
23590.0 0.01171416001032
23600.0 0.01281223178625
23610.0 0.0120726729258
23620.0 0.01060317396096
23630.0 0.01017247870716
23640.0 0.00955625619075
23650.0 0.0092978115336
23660.0 0.00878816587278
23670.0 0.00851756170151
23680.0 0.0077247108687
23690.0 0.0075446316858
23700.0 0.0071950851231
23710.0 0.00598861220773
23720.0 0.00658854646956
23730.0 0.007214167005
23740.0 0.00653474034426
23750.0 0.00510971468724
23760.0 0.00443104597854
23770.0 0.00407192975384
23780.0 0.00380394701934
23790.0 0.00395349357592
23800.0 0.00359037864885
23810.0 0.0031046452211
23820.0 0.0038262459082
23830.0 0.00384619568233
23840.0 0.00309663878625
23850.0 0.0033774490503
23860.0 0.00314984633178
23870.0 0.00324284361411
23880.0 0.0035163819345
23890.0 0.0041107799917
23900.0 0.00371531099563
23910.0 0.00288190276524
23920.0 0.00220429647996
23930.0 0.0020748638583
23940.0 0.00159477052032
23950.0 0.00157991562496
23960.0 0.00186770824366
23970.0 0.00154131991727
23980.0 0.00132758734134
23990.0 0.00129107690478
24000.0 0.00091812220055
24010.0 0.0025006294911
24020.0 0.00278006820417
24030.0 0.0016476344506
24040.0 0.00154817503065
24050.0 0.00195638769516
24060.0 0.0022827226884
24070.0 0.00211448544114
24080.0 0.00141240819675
24090.0 0.0016843831904
24100.0 0.00159675070346
24110.0 0.001328003385
24120.0 0.00106301907961
24130.0 0.00068666752592
24140.0 0.0004673333522
24240.0 0.0
