filters/vista-H.ecsv
# %ECSV 0.9
# ---
# datatype:
# - {name: wavelength, unit: Angstrom, datatype: float64}
# - {name: response, datatype: float64}
# meta:
#   __serialized_columns__:
#     wavelength:
#       __class__: astropy.units.quantity.Quantity
#       unit: !astropy.units.Unit {unit: Angstrom}
#       value: !astropy.table.SerializedColumn {name: wavelength}
#   band_name: H
#   group_name: vista
# schema: astropy-2.0
wavelength response
14190.0 0.0
14290.0 0.00038720477646
14300.0 0.00063441957284
14310.0 0.00097670366169
14320.0 0.00044718325344
14330.0 0.00144203128065
14340.0 0.00098800845735
14350.0 0.00109378867246
14360.0 0.00123776262606
14370.0 0.00152461396395
14380.0 0.00138821915974
14390.0 0.00222323108655
14400.0 0.00219877252842
14410.0 0.00205030764435
14420.0 0.00193929131001
14430.0 0.00166865505492
14440.0 0.00232571791891
14450.0 0.00264579204942
14460.0 0.00227476778739
14470.0 0.00344801060032
14480.0 0.00346491425184
14490.0 0.00211580505665
14500.0 0.00330840427158
14510.0 0.00327199409343
14520.0 0.00396914320026
14530.0 0.0039941864115
14540.0 0.00349324836833
14550.0 0.00517623827892
14560.0 0.0056535313404
14570.0 0.00623522006255
14580.0 0.00635825437548
14590.0 0.007929863265
14600.0 0.00745649068436
14610.0 0.00815764240395
14620.0 0.00852486358639
14630.0 0.00735583933074
14640.0 0.00945466935939
14650.0 0.009662306331
14660.0 0.01096313244052
14670.0 0.01089199536337
14680.0 0.01388065671157
14690.0 0.01465611932118
14700.0 0.0148243596926
14710.0 0.01477652977339
14720.0 0.01771283101266
14730.0 0.02035058003973
14740.0 0.02485034602973
14750.0 0.02885426839349
14760.0 0.02821366672278
14770.0 0.03171489291473
14780.0 0.0334832591457
14790.0 0.04214330298906
14800.0 0.04245844449456
14810.0 0.04936482755776
14820.0 0.05412322150312
14830.0 0.069260220512
14840.0 0.07544458840182
14850.0 0.0854871525077
14860.0 0.0934643033664
14870.0 0.1019447065681
14880.0 0.1190283379908
14890.0 0.1402182025685
14900.0 0.1558700078204
14910.0 0.1757777120232
14920.0 0.196442459088
14930.0 0.224756127237
14940.0 0.2527833744912
14950.0 0.274618360341
14960.0 0.303896819952
14970.0 0.342916822447
14980.0 0.3794431853718
14990.0 0.4190631815136
15000.0 0.4574804853
15010.0 0.501961116096
15020.0 0.533107842552
15030.0 0.5655002198274
15040.0 0.5933404500422
15050.0 0.6394800554857
15060.0 0.6812816642856
15070.0 0.715642667664
15080.0 0.7350239551728
15090.0 0.7416087881816
15100.0 0.7858571445626
15110.0 0.8015741743425
15120.0 0.8101062103406
15130.0 0.8203096813835
15140.0 0.8269986178116
15150.0 0.8294099139269
15160.0 0.8319986503308
15170.0 0.8324864398598
15180.0 0.8274541744155
15190.0 0.8234789061501
15200.0 0.8265996042468
15210.0 0.81722920333
15220.0 0.8108051590182
15230.0 0.8112157754624
15240.0 0.8011994371625
15250.0 0.7932986721404
15260.0 0.794127208485
15270.0 0.7851947207217
15280.0 0.7811033680208
15290.0 0.7826464544844
15300.0 0.7756271299832
15310.0 0.7721232420748
15320.0 0.7772296975427
15330.0 0.770973426398
15340.0 0.76803255037
15350.0 0.7727032893873
15360.0 0.7695849268068
15370.0 0.7736280491448
15380.0 0.7812028723771
15390.0 0.7760131326222
15400.0 0.781489443656
15410.0 0.78759063243
15420.0 0.786532562712
15430.0 0.7961496275383
15440.0 0.8007310269576
15450.0 0.801069280956
15460.0 0.811440733461
15470.0 0.8136260924892
15480.0 0.814772988123
15490.0 0.8256302612907
15500.0 0.8256805005724
15510.0 0.8278749503682
15520.0 0.8372152776368
15530.0 0.835388756103
15540.0 0.8398261221436
15550.0 0.847015315273
15560.0 0.8435092340761
15570.0 0.8486707732242
15580.0 0.8535454660152
15590.0 0.8477287970943
15600.0 0.8551701517358
15610.0 0.857262927157
15620.0 0.8514809146318
15630.0 0.8580590777981
15640.0 0.8553217246882
15650.0 0.8537397663168
15660.0 0.8595057810816
15670.0 0.8535305658446
15680.0 0.8520662371344
15690.0 0.8492522841775
15700.0 0.8308156612966
15710.0 0.8207976530556
15720.0 0.8118568864604
15730.0 0.8093263457672
15740.0 0.8259577564552
15750.0 0.8403532623804
15760.0 0.8363932663604
15770.0 0.8278771929342
15780.0 0.8198454426504
15790.0 0.8255546302369
15800.0 0.8295985794411
15810.0 0.8339911289775
15820.0 0.8443909051182
15830.0 0.8432611218
15840.0 0.8490177544077
15850.0 0.8512525096673
15860.0 0.848704798864
15870.0 0.8538719743099
15880.0 0.8495347408094
15890.0 0.8509455874962
15900.0 0.8522477493808
15910.0 0.847014098505
15920.0 0.8538175142899
15930.0 0.8506679204894
15940.0 0.8479443130583
15950.0 0.851671790039
15960.0 0.8456375190132
15970.0 0.8483998285154
15980.0 0.8456030771888
15990.0 0.8370790422168
16000.0 0.8307307572492
16010.0 0.8122271143616
16020.0 0.8043215386416
16030.0 0.8037540659712
16040.0 0.8085475245981
16050.0 0.829572046572
16060.0 0.830284648608
16070.0 0.818922472424
16080.0 0.81353524603
16090.0 0.8084892365088
16100.0 0.815061881725
16110.0 0.816385875129
16120.0 0.8240635594999
16130.0 0.8289779177308
16140.0 0.8300416524668
16150.0 0.8354944287084
16160.0 0.8317081376256
16170.0 0.836199250656
16180.0 0.8358622502175
16190.0 0.8336598388048
16200.0 0.8375114427401
16210.0 0.8335161207351
16220.0 0.8374055825082
16230.0 0.8348670240538
16240.0 0.8364763753866
16250.0 0.8369432741696
16260.0 0.8346083633262
16270.0 0.8396781194208
16280.0 0.834497459615
16290.0 0.8392568596066
16300.0 0.8371678402716
16310.0 0.8360550146535
16320.0 0.83969993715
16330.0 0.8347037205645
16340.0 0.84172994373
16350.0 0.8353477496894
16360.0 0.8385692559228
16370.0 0.8391059511525
16380.0 0.8325291786328
16390.0 0.8424545632425
16400.0 0.8292900184683
16410.0 0.8399699271405
16420.0 0.839008903878
16430.0 0.8248157450952
16440.0 0.8418475426724
16450.0 0.8330892107958
16460.0 0.837367837295
16470.0 0.8414518810211
16480.0 0.8331960423025
16490.0 0.839916850464
16500.0 0.841364296734
16510.0 0.8325961483442
16520.0 0.843892422854
16530.0 0.8490299370224
16540.0 0.836443821424
16550.0 0.8509406148955
16560.0 0.8468323841818
16570.0 0.8483751371712
16580.0 0.8547314575064
16590.0 0.850408281327
16600.0 0.8577752520975
16610.0 0.853630034007
16620.0 0.857895053454
16630.0 0.8539077022424
16640.0 0.8602543979075
16650.0 0.8418326117776
16660.0 0.8155471820202
16670.0 0.8499561463294
16680.0 0.8576278971425
16690.0 0.867634158854
16700.0 0.8604338604348
16710.0 0.8662948057148
16720.0 0.863505429781
16730.0 0.8711753612168
16740.0 0.8651546799714
16750.0 0.866662186486
16760.0 0.874595816478
16770.0 0.866900128094
16780.0 0.8713052125104
16790.0 0.8705880882635
16800.0 0.8773399382085
16810.0 0.867060065022
16820.0 0.877861553394
16830.0 0.876347809788
16840.0 0.8654606128572
16850.0 0.8790113226795
16860.0 0.8755944966742
16870.0 0.876790800526
16880.0 0.8742097923042
16890.0 0.885878025929
16900.0 0.8739502898148
16910.0 0.87663673356
16920.0 0.8750219811418
16930.0 0.881594535696
16940.0 0.875349134898
16950.0 0.877875134038
16960.0 0.8820732710658
16970.0 0.872361130074
16980.0 0.8809710620652
16990.0 0.8774840341443
17000.0 0.880592481895
17010.0 0.8731069849216
17020.0 0.881053902616
17030.0 0.871575911316
17040.0 0.8809397781504
17050.0 0.8728276288094
17060.0 0.8778237005696
17070.0 0.8719016551704
17080.0 0.8733397907332
17090.0 0.8702269252866
17100.0 0.8765849147648
17110.0 0.8789030599836
17120.0 0.8784026973568
17130.0 0.8806052835
17140.0 0.8696035374858
17150.0 0.8788380112864
17160.0 0.872703345657
17170.0 0.8819018686236
17180.0 0.8762788003655
17190.0 0.882776952652
17200.0 0.875244511932
17210.0 0.868123709054
17220.0 0.8690842162473
17230.0 0.8724976840954
17240.0 0.8655139825197
17250.0 0.8697866040696
17260.0 0.8721636641742
17270.0 0.8717954405069
17280.0 0.8726970749772
17290.0 0.8666883690996
17300.0 0.8751045080064
17310.0 0.8688522403904
17320.0 0.8519730283584
17330.0 0.8620592684727
17340.0 0.872568768896
17350.0 0.8629135284784
17360.0 0.8596465238543
17370.0 0.8560887595776
17380.0 0.8687421160092
17390.0 0.8616409759308
17400.0 0.856067864652
17410.0 0.8408490328323
17420.0 0.8529750632928
17430.0 0.8572571380677
17440.0 0.8498182658105
17450.0 0.8469804687102
17460.0 0.84798728894
17470.0 0.7970356487625
17480.0 0.84556428523
17490.0 0.8474508899335
17500.0 0.8504569237152
17510.0 0.8300066781384
17520.0 0.82847573145
17530.0 0.8393912324296
17540.0 0.8408691490214
17550.0 0.8096361405157
17560.0 0.8303386243696
17570.0 0.799728297575
17580.0 0.821641580154
17590.0 0.829646109747
17600.0 0.828409878336
17610.0 0.8056797388429
17620.0 0.814779878346
17630.0 0.795985349138
17640.0 0.813865886604
17650.0 0.7938361617312
17660.0 0.6940997886072
17670.0 0.7960031891766
17680.0 0.7961092561527
17690.0 0.7863699453075
17700.0 0.7721770613578
17710.0 0.758736881253
17720.0 0.771842621664
17730.0 0.7620650048176
17740.0 0.7187230540445
17750.0 0.7312907889168
17760.0 0.6916594944768
17770.0 0.7099040717696
17780.0 0.6891284954574
17790.0 0.6297865888756
17800.0 0.676771836082
17810.0 0.606042865234
17820.0 0.624465087172
17830.0 0.6231448702156
17840.0 0.5711760217653
17850.0 0.4898977551223
17860.0 0.5210594645328
17870.0 0.501765493728
17880.0 0.5065142681114
17890.0 0.478871695465
17900.0 0.4526680318974
17910.0 0.3986722161981
17920.0 0.387146153136
17930.0 0.3483155592684
17940.0 0.3116049988732
17950.0 0.3143878125185
17960.0 0.289134497618
17970.0 0.2584790576652
17980.0 0.2493117018435
17990.0 0.2456719967232
18000.0 0.174026250738
18010.0 0.1401015166166
18020.0 0.1450190223486
18030.0 0.1471357251864
18040.0 0.1425732994272
18050.0 0.1435193773934
18060.0 0.0858201791556
18070.0 0.093154843782
18080.0 0.1005949888799
18090.0 0.0919831218366
18100.0 0.0840234505176
18110.0 0.0521443199662
18120.0 0.05759522310198
18130.0 0.0418355428768
18140.0 0.06347969757386
18150.0 0.04635468837615
18160.0 0.03313803045605
18170.0 0.0411067322928
18180.0 0.04003109875768
18190.0 0.03125589367838
18200.0 0.0196819003724
18210.0 0.01368891478214
18220.0 0.01367390526464
18230.0 0.02283360436899
18240.0 0.02878512821268
18250.0 0.02168582144986
18260.0 0.01149123634212
18270.0 0.01398272018572
18280.0 0.01302650078331
18290.0 0.00773905852983
18300.0 0.00882049869612
18310.0 0.00632767370238
18320.0 0.00944100652746
18330.0 0.00800864064494
18340.0 0.0092090663019
18350.0 0.00319378008616
18360.0 0.0023957799327
18370.0 0.00312098600745
18380.0 0.001688257824
18390.0 0.00477615791622
18400.0 0.00135905163425
18410.0 0.0032400883304
18420.0 0.00064088898203
18430.0 0.00323427152724
18440.0 0.0037431440151
18450.0 0.00582978492256
18460.0 0.00393426671264
18470.0 0.000534999503402
18480.0 0.00033133927997
18490.0 0.0013184146641
18500.0 0.00236113723934
18510.0 0.0018921939553
18520.0 0.0032456958741
18530.0 0.00099132422467
18540.0 0.00049897936152
18550.0 0.0019421948765
18560.0 0.0020653268533
18570.0 0.00062846276826
18580.0 0.00127226579688
18590.0 0.0009776974248
18600.0 0.000233152407523
18610.0 0.00068552990825
18620.0 0.00160982012176
18630.0 0.0013690121625
18640.0 0.00089067960448
18650.0 0.00103338786327
18660.0 0.00168407098262
18760.0 0.0
