filters/vista-Y.ecsv
# %ECSV 0.9
# ---
# datatype:
# - {name: wavelength, unit: Angstrom, datatype: float64}
# - {name: response, datatype: float64}
# meta:
#   __serialized_columns__:
#     wavelength:
#       __class__: astropy.units.quantity.Quantity
#       unit: !astropy.units.Unit {unit: Angstrom}
#       value: !astropy.table.SerializedColumn {name: wavelength}
#   band_name: Y
#   group_name: vista
# schema: astropy-2.0
wavelength response
9160.0 0.0
9260.0 0.001427035202875
9270.0 0.0010996660739729
9280.0 0.00091305626249958
9290.0 0.0019084992330418
9300.0 0.0020293553221765
9310.0 0.0011864563398476
9320.0 0.0025191565574417
9330.0 0.0013155815571681
9340.0 0.0035149969448623
9350.0 0.0038303722346508
9360.0 0.003622441945182
9370.0 0.0031431901641602
9380.0 0.0047077523469806
9390.0 0.0030863151483434
9400.0 0.0047805604899666
9410.0 0.0048310416829157
9420.0 0.0060911220621277
9430.0 0.0061847837757587
9440.0 0.0067727048574604
9450.0 0.0080858292816599
9460.0 0.010269305133893
9470.0 0.0096280897828878
9480.0 0.011309063563771
9490.0 0.011747181319587
9500.0 0.012340511227762
9510.0 0.014329056865042
9520.0 0.018652655826474
9530.0 0.018623733201259
9540.0 0.020899341773142
9550.0 0.023434203374948
9560.0 0.026127664428703
9570.0 0.029545589768246
9580.0 0.036996114397153
9590.0 0.040658731877035
9600.0 0.047320269638905
9610.0 0.055336294222009
9620.0 0.062211181787995
9630.0 0.073553484683797
9640.0 0.084453621153134
9650.0 0.09809579317494
9660.0 0.11474031989474
9670.0 0.13275205230119
9680.0 0.15650820950805
9690.0 0.18471032867786
9700.0 0.21296387016779
9710.0 0.24335513542493
9720.0 0.27747285829411
9730.0 0.31459140192473
9740.0 0.34842366725405
9750.0 0.387814008615
9760.0 0.425856327441
9770.0 0.46740484117192
9780.0 0.49975061431235
9790.0 0.52675268442158
9800.0 0.55087540304466
9810.0 0.57708352575821
9820.0 0.59322678685398
9830.0 0.60452284045204
9840.0 0.61254770923152
9850.0 0.61538134440915
9860.0 0.61849921703249
9870.0 0.6175868989168
9880.0 0.61571044731567
9890.0 0.61567240427348
9900.0 0.61403279521054
9910.0 0.61331515373403
9920.0 0.61408239545225
9930.0 0.61513696853535
9940.0 0.61704392413098
9950.0 0.61851301022725
9960.0 0.62069502393857
9970.0 0.62506760691407
9980.0 0.62892861509989
9990.0 0.63191077956112
10000.0 0.63573236350737
10010.0 0.64191539124746
10020.0 0.64702140995566
10030.0 0.65292953758603
10040.0 0.65839436303799
10050.0 0.663940526538
10060.0 0.67052100230948
10070.0 0.67492354860403
10080.0 0.67898296598462
10090.0 0.6825443167865
10100.0 0.68530526268058
10110.0 0.68792258328549
10120.0 0.68911393892138
10130.0 0.69042119348164
10140.0 0.69116358294591
10150.0 0.69175878753868
10160.0 0.69323970454854
10170.0 0.69431051376891
10180.0 0.69434676181986
10190.0 0.6921297532069
10200.0 0.69110993742966
10210.0 0.68917766490096
10220.0 0.6869390010972
10230.0 0.68361902529141
10240.0 0.68091506528383
10250.0 0.67778837068071
10260.0 0.67394105200501
10270.0 0.67063234634038
10280.0 0.66783072001193
10290.0 0.66451295598759
10300.0 0.66323261970252
10310.0 0.66202421301069
10320.0 0.66034852048074
10330.0 0.65898684499712
10340.0 0.65715095399414
10350.0 0.65592056600887
10360.0 0.6560674723934
10370.0 0.65663035772544
10380.0 0.65768684596337
10390.0 0.6589671990147
10400.0 0.66319556675862
10410.0 0.66764162068982
10420.0 0.67233175667852
10430.0 0.6779813575624
10440.0 0.68428092352506
10450.0 0.69162372329372
10460.0 0.69900045086282
10470.0 0.70578130606494
10480.0 0.7120071785568
10490.0 0.7155640301376
10500.0 0.7179414029736
10510.0 0.71989776281775
10520.0 0.716993445978
10530.0 0.71042025122452
10540.0 0.70318823729076
10550.0 0.69051983368184
10560.0 0.67250716743974
10570.0 0.6534836809728
10580.0 0.6319225824419
10590.0 0.60444763286884
10600.0 0.57515528545369
10610.0 0.54462884364502
10620.0 0.51061156343219
10630.0 0.47779824757579
10640.0 0.44548810074225
10650.0 0.41304809513645
10660.0 0.3800228747658
10670.0 0.34812144983876
10680.0 0.32101607201718
10690.0 0.29298123466985
10700.0 0.26402123459528
10710.0 0.23891096261103
10720.0 0.2144880108578
10730.0 0.19298168437005
10740.0 0.17304481969734
10750.0 0.15324630176818
10760.0 0.13507927183522
10770.0 0.11734096813618
10780.0 0.102661245305
10790.0 0.08964649475716
10800.0 0.07675749134625
10810.0 0.06635413812195
10820.0 0.057516143828248
10830.0 0.048817571090162
10840.0 0.04147084512823
10850.0 0.03620172128258
10860.0 0.031115267168318
10870.0 0.02646860347174
10880.0 0.022976065876718
10890.0 0.01964814579356
10900.0 0.017256487393583
10910.0 0.015150827368286
10920.0 0.012875947172239
10930.0 0.011867812386864
10940.0 0.011127688945714
10950.0 0.0092480444400882
10960.0 0.007629705650168
10970.0 0.0074460716423548
10980.0 0.007145576545428
10990.0 0.007007401196843
11000.0 0.0059345397215744
11010.0 0.0036038255674667
11020.0 0.0032556332929536
11030.0 0.00395543233722
11040.0 0.003350416835636
11050.0 0.0033571086733176
11060.0 0.0039107717460624
11070.0 0.0028040273609118
11080.0 0.00165249972291
11090.0 0.002177043199888
11100.0 0.002895583908108
11110.0 0.001576778475048
11120.0 0.003523497170884
11130.0 0.0035366764946
11140.0 0.0035896710519032
11150.0 0.0040732571869056
11160.0 0.0032557712368944
11170.0 0.0023960211696384
11180.0 0.0018330174624744
11190.0 0.0021091488473673
11200.0 0.0021391331465934
11210.0 0.0016932467337368
11220.0 0.00094125169544001
11230.0 0.000460135690518
11240.0 0.00110954985976
11250.0 0.0009885702854506
11260.0 0.00034145844610921
11270.0 0.001696447212434
11280.0 0.002019571015228
11290.0 0.0015589288043524
11390.0 0.0
